incremental final delta e matrix: 
    0.774667
     -89.334
     1.44515
    -168.873
           0
-6.27744e+66
incremental jacobian: 
     1.17566     0.447363     0.460699     0.382125     0.451952     0.543669     0.519693     0.421256     0.378042     0.475913     0.490725     0.583261     0.491798      0.39652     0.299439     0.312343     0.366017      1.11362     0.179335    -0.533074    -0.454038    -0.103176    -0.873774            0            0            0            0            0
     7.28607      16.2506      10.8719     -1.70135      10.6506      17.9749       22.049      11.3983     0.587463       11.879      20.2866      27.8702      15.5258      7.00378     -2.36511     -7.72858      3.76892      4.44794      7.98798     -7.91168     -4.65393      1.96838      16.6473            0            0            0            0            0
   -0.434548    -0.269026      -0.3075    -0.310779    -0.301957    -0.336111    -0.295818    -0.273675    -0.295818    -0.314236    -0.282407    -0.315994    -0.307858    -0.276923    -0.248969    -0.287294    -0.269711    -0.373989            0            0            0            0            0    0.0221729    -0.154704     0.688732    -0.290602    -0.017643
     34.4238      61.9965      63.2935      51.5137      62.1185      75.1801      72.3267      58.0139      51.1932      65.4449      68.2526      81.4667      67.9321       54.245      40.2679      41.5192      49.8352      18.5699            0            0            0            0            0     -8.57544    -0.228882     -42.0532      6.14929      0.38147
           0 -6.27744e+66 -6.27744e+66 -6.27744e+66 -6.27744e+66 -6.27744e+66 -6.27744e+66 -6.27744e+66 -6.27744e+66 -6.27744e+66 -6.27744e+66 -6.27744e+66 -6.27744e+66 -6.27744e+66 -6.27744e+66 -6.27744e+66 -6.27744e+66 -6.27744e+66 -6.27744e+66 -6.27744e+66 -6.27744e+66 -6.27744e+66 -6.27744e+66 -6.27744e+66 -6.27744e+66 -6.27744e+66 -6.27744e+66 -6.27744e+66
-6.27744e+66 -6.27744e+66 -6.27744e+66 -6.27744e+66 -6.27744e+66 -6.27744e+66 -6.27744e+66 -6.27744e+66 -6.27744e+66 -6.27744e+66 -6.27744e+66 -6.27744e+66 -6.27744e+66 -6.27744e+66 -6.27744e+66 -6.27744e+66 -6.27744e+66 -6.27744e+66 -6.27744e+66 -6.27744e+66 -6.27744e+66 -6.27744e+66 -6.27744e+66 -6.27744e+66 -6.27744e+66 -6.27744e+66 -6.27744e+66 -6.27744e+66
final final delta e matrix: 
    0.774667
     -89.334
     1.44515
    -168.873
           0
-6.27744e+66
final jacobian: 
     1.17566     0.447363     0.460699     0.382125     0.451952     0.543669     0.519693     0.421256     0.378042     0.475913     0.490725     0.583261     0.491798      0.39652     0.299439     0.312343     0.366017      1.11362     0.179335    -0.533074    -0.454038    -0.103176    -0.873774            0            0            0            0            0
     7.28607      16.2506      10.8719     -1.70135      10.6506      17.9749       22.049      11.3983     0.587463       11.879      20.2866      27.8702      15.5258      7.00378     -2.36511     -7.72858      3.76892      4.44794      7.98798     -7.91168     -4.65393      1.96838      16.6473            0            0            0            0            0
   -0.434548    -0.269026      -0.3075    -0.310779    -0.301957    -0.336111    -0.295818    -0.273675    -0.295818    -0.314236    -0.282407    -0.315994    -0.307858    -0.276923    -0.248969    -0.287294    -0.269711    -0.373989            0            0            0            0            0    0.0221729    -0.154704     0.688732    -0.290602    -0.017643
     34.4238      61.9965      63.2935      51.5137      62.1185      75.1801      72.3267      58.0139      51.1932      65.4449      68.2526      81.4667      67.9321       54.245      40.2679      41.5192      49.8352      18.5699            0            0            0            0            0     -8.57544    -0.228882     -42.0532      6.14929      0.38147
           0 -6.27744e+66 -6.27744e+66 -6.27744e+66 -6.27744e+66 -6.27744e+66 -6.27744e+66 -6.27744e+66 -6.27744e+66 -6.27744e+66 -6.27744e+66 -6.27744e+66 -6.27744e+66 -6.27744e+66 -6.27744e+66 -6.27744e+66 -6.27744e+66 -6.27744e+66 -6.27744e+66 -6.27744e+66 -6.27744e+66 -6.27744e+66 -6.27744e+66 -6.27744e+66 -6.27744e+66 -6.27744e+66 -6.27744e+66 -6.27744e+66
-6.27744e+66 -6.27744e+66 -6.27744e+66 -6.27744e+66 -6.27744e+66 -6.27744e+66 -6.27744e+66 -6.27744e+66 -6.27744e+66 -6.27744e+66 -6.27744e+66 -6.27744e+66 -6.27744e+66 -6.27744e+66 -6.27744e+66 -6.27744e+66 -6.27744e+66 -6.27744e+66 -6.27744e+66 -6.27744e+66 -6.27744e+66 -6.27744e+66 -6.27744e+66 -6.27744e+66 -6.27744e+66 -6.27744e+66 -6.27744e+66 -6.27744e+66
final singular values: 
4.63446e+67           0           0           0           0           0
          0 4.41822e+66           0           0           0           0
          0           0     175.375           0           0           0
          0           0           0     37.0133           0           0
          0           0           0           0     1.52505           0
          0           0           0           0           0    0.607953
final angular displacement vector 
         1
 -0.281908
-0.0530969
  0.448966
 -0.046759
 -0.324905
  -0.50181
 -0.087104
  0.351836
-0.0904715
 -0.437648
 -0.726563
 -0.238202
 0.0891063
   0.45163
   0.67905
  0.215122
  0.251356
-0.0221396
   0.20476
 0.0941012
 0.0514991
   -1.5273
  0.227525
  -0.16748
   1.69324
 -0.471364
  0.218561
